# relative_time, cycles_done, cur_item, corpus_count, pending_total, pending_favs, map_size, saved_crashes, saved_hangs, max_depth, execs_per_sec, total_execs, edges_found
61, 0, 953, 968, 890, 59, 12.97%, 0, 0, 7, 5636.32, 352193, 734
66, 0, 953, 974, 896, 59, 13.00%, 0, 0, 7, 4763.42, 375082, 736
71, 0, 650, 991, 906, 54, 13.00%, 0, 0, 7, 4533.84, 397399, 736
76, 0, 650, 999, 914, 54, 13.00%, 0, 0, 7, 4503.65, 419844, 736
81, 0, 151, 1019, 923, 44, 13.02%, 0, 0, 7, 4421.76, 442260, 737
86, 0, 929, 1039, 936, 36, 13.07%, 0, 0, 7, 4436.91, 464549, 740
91, 0, 929, 1041, 938, 36, 13.07%, 0, 0, 7, 4463.05, 486905, 740
96, 0, 596, 1070, 955, 29, 13.12%, 0, 0, 7, 4351.81, 509245, 743
101, 0, 812, 1084, 959, 21, 13.28%, 0, 0, 8, 4380.30, 530888, 752
106, 0, 1083, 1109, 977, 17, 13.30%, 0, 0, 8, 4368.53, 553870, 753
112, 0, 1107, 1114, 980, 17, 13.30%, 0, 0, 8, 4384.29, 576378, 753
117, 0, 693, 1128, 984, 8, 13.30%, 0, 0, 9, 4498.71, 599045, 753
122, 0, 234, 1139, 992, 6, 13.30%, 0, 0, 9, 4323.90, 620731, 753
127, 0, 114, 1147, 995, 4, 13.30%, 0, 0, 9, 4340.66, 642796, 753
132, 0, 195, 1151, 995, 2, 13.30%, 0, 0, 9, 4506.03, 666384, 753
137, 0, 268, 1164, 1003, 2, 13.30%, 0, 0, 9, 4373.19, 688055, 753
142, 0, 255, 1174, 1008, 2, 13.32%, 0, 0, 9, 4390.62, 711089, 754
147, 0, 467, 1183, 1015, 1, 13.32%, 0, 0, 9, 4576.56, 735303, 754
152, 0, 476, 1195, 1024, 1, 13.32%, 0, 0, 9, 4322.08, 756404, 754
157, 0, 630, 1205, 1032, 1, 13.35%, 0, 0, 9, 4390.14, 779345, 756
162, 0, 1000, 1208, 1032, 1, 13.35%, 0, 0, 9, 4500.89, 801978, 756
167, 0, 729, 1224, 1046, 1, 13.35%, 0, 0, 9, 4284.32, 823596, 756
173, 0, 1191, 1228, 1045, 1, 13.35%, 0, 0, 9, 4291.93, 846473, 756
178, 0, 372, 1236, 1052, 1, 13.35%, 0, 0, 9, 4466.17, 868758, 756
183, 0, 268, 1243, 1057, 1, 13.35%, 0, 0, 9, 4421.58, 891666, 756
188, 0, 611, 1244, 1057, 1, 13.35%, 0, 0, 9, 4418.29, 914983, 756
193, 0, 128, 1249, 1058, 1, 13.35%, 0, 0, 9, 4330.73, 936729, 756
198, 0, 1254, 1258, 1063, 2, 13.44%, 0, 0, 9, 4269.08, 959240, 761
203, 0, 250, 1262, 1062, 1, 13.44%, 0, 0, 9, 4283.37, 980709, 761
208, 0, 259, 1266, 1065, 1, 13.44%, 0, 0, 9, 4508.08, 1004472, 761
214, 0, 728, 1271, 1068, 1, 13.44%, 0, 0, 9, 4566.24, 1028260, 761
219, 0, 1081, 1274, 1067, 1, 13.44%, 0, 0, 9, 4523.35, 1051528, 761
224, 0, 406, 1280, 1071, 0, 13.44%, 0, 0, 9, 4522.90, 1074236, 761
229, 0, 119, 1291, 1080, 0, 13.44%, 0, 0, 9, 4371.63, 1097066, 761
234, 0, 124, 1296, 1085, 0, 13.44%, 0, 0, 9, 4516.74, 1120531, 761
239, 0, 442, 1298, 1087, 0, 13.44%, 0, 0, 9, 4530.15, 1143899, 761
244, 0, 952, 1310, 1099, 0, 13.44%, 0, 0, 9, 4549.14, 1167215, 761
250, 0, 259, 1316, 1105, 0, 13.44%, 0, 0, 9, 4601.98, 1191134, 761
255, 0, 259, 1318, 1107, 0, 13.44%, 0, 0, 9, 4480.72, 1213313, 761
260, 0, 606, 1324, 1113, 0, 13.44%, 0, 0, 9, 4572.27, 1236839, 761
265, 0, 1203, 1327, 1116, 0, 13.44%, 0, 0, 9, 4578.47, 1260650, 761
270, 0, 50, 1333, 1122, 0, 13.44%, 0, 0, 9, 4562.59, 1284069, 761
275, 0, 114, 1338, 1127, 0, 13.44%, 0, 0, 9, 4580.40, 1307285, 761
280, 0, 467, 1342, 1130, 0, 13.44%, 0, 0, 9, 4524.26, 1330030, 761
285, 0, 388, 1345, 1133, 0, 13.44%, 0, 0, 9, 4521.07, 1353539, 761
291, 0, 1107, 1348, 1136, 0, 13.44%, 0, 0, 9, 4580.79, 1377463, 761
296, 0, 114, 1353, 1141, 0, 13.44%, 0, 0, 9, 4544.42, 1400877, 761
301, 0, 476, 1355, 1143, 0, 13.44%, 0, 0, 9, 4401.53, 1422732, 761
306, 0, 104, 1356, 1144, 0, 13.44%, 0, 0, 9, 4464.65, 1445946, 761
311, 0, 50, 1356, 1143, 0, 13.44%, 0, 0, 9, 4530.44, 1469546, 761
316, 0, 205, 1356, 1143, 0, 13.44%, 0, 0, 9, 4494.03, 1492872, 761
321, 0, 1107, 1357, 1144, 0, 13.44%, 0, 0, 9, 4511.21, 1515421, 761
327, 0, 1107, 1357, 1142, 0, 13.44%, 0, 0, 9, 4574.83, 1539251, 761
332, 0, 403, 1357, 1142, 0, 13.44%, 0, 0, 9, 4563.85, 1562822, 761
337, 0, 596, 1360, 1145, 0, 13.44%, 0, 0, 9, 4588.14, 1586500, 761
342, 0, 476, 1361, 1146, 0, 13.44%, 0, 0, 9, 4567.75, 1610104, 761
347, 0, 26, 1366, 1151, 0, 13.44%, 0, 0, 9, 4588.26, 1633907, 761
352, 0, 674, 1366, 1151, 0, 13.44%, 0, 0, 9, 4538.82, 1657335, 761
358, 0, 719, 1366, 1151, 0, 13.44%, 0, 0, 9, 4593.84, 1681327, 761
363, 0, 277, 1368, 1152, 0, 13.44%, 0, 0, 9, 4539.37, 1704555, 761
368, 0, 970, 1369, 1153, 0, 13.44%, 0, 0, 9, 4569.71, 1728177, 761
373, 0, 189, 1371, 1155, 0, 13.44%, 0, 0, 9, 4580.18, 1751230, 761
378, 0, 124, 1372, 1156, 0, 13.44%, 0, 0, 9, 4627.94, 1774449, 761
383, 0, 563, 1372, 1156, 0, 13.44%, 0, 0, 9, 4626.39, 1798329, 761
388, 0, 277, 1374, 1155, 0, 13.44%, 0, 0, 9, 4655.42, 1822349, 761
393, 1, 84, 1377, 1157, 0, 13.44%, 0, 0, 9, 4620.04, 1845489, 761
399, 1, 608, 1378, 1156, 0, 13.44%, 0, 0, 9, 4608.87, 1869432, 761
404, 1, 476, 1379, 1156, 0, 13.44%, 0, 0, 9, 4564.34, 1892959, 761
409, 1, 237, 1383, 1159, 0, 13.46%, 0, 0, 9, 4560.47, 1915769, 762
414, 1, 17, 1385, 1161, 0, 13.46%, 0, 0, 9, 4523.88, 1939276, 762
419, 1, 630, 1385, 1158, 0, 13.46%, 0, 0, 9, 4517.87, 1962837, 762
424, 1, 259, 1388, 1159, 0, 13.46%, 0, 0, 9, 4517.40, 1986295, 762
429, 1, 968, 1392, 1161, 0, 13.46%, 0, 0, 9, 4456.69, 2009422, 762
435, 1, 596, 1395, 1162, 0, 13.46%, 0, 0, 9, 4491.99, 2032759, 762
440, 1, 124, 1396, 1163, 0, 13.46%, 0, 0, 9, 4513.67, 2056063, 762
445, 1, 630, 1397, 1162, 0, 13.46%, 0, 0, 9, 4527.13, 2078807, 762
450, 1, 1107, 1397, 1162, 0, 13.46%, 0, 0, 9, 4528.50, 2102369, 762
455, 1, 92, 1399, 1164, 0, 13.46%, 0, 0, 9, 4560.21, 2125950, 762
460, 1, 1107, 1402, 1165, 0, 13.46%, 0, 0, 9, 4532.18, 2149485, 762
466, 1, 17, 1403, 1163, 0, 13.46%, 0, 0, 9, 4543.04, 2172875, 762
471, 1, 574, 1404, 1162, 0, 13.46%, 0, 0, 9, 4542.44, 2196502, 762
476, 1, 61, 1407, 1162, 0, 13.46%, 0, 0, 9, 4529.92, 2220042, 762
481, 1, 596, 1408, 1160, 0, 13.46%, 0, 0, 9, 4529.73, 2242666, 762
486, 1, 17, 1411, 1162, 0, 13.46%, 0, 0, 9, 4465.44, 2265653, 762
491, 1, 115, 1413, 1162, 0, 13.46%, 0, 0, 9, 4375.21, 2288024, 762
496, 1, 17, 1413, 1159, 0, 13.46%, 0, 0, 9, 4466.00, 2311107, 762
502, 1, 237, 1416, 1161, 0, 13.46%, 0, 0, 9, 4474.89, 2334362, 762
507, 1, 719, 1416, 1159, 0, 13.46%, 0, 0, 9, 4405.18, 2356664, 762
512, 1, 596, 1419, 1161, 0, 13.46%, 0, 0, 9, 4431.27, 2379863, 762
517, 1, 1255, 1424, 1164, 0, 13.46%, 0, 0, 9, 4370.58, 2402175, 762
522, 1, 691, 1424, 1164, 0, 13.46%, 0, 0, 9, 4486.23, 2424897, 762
527, 1, 268, 1425, 1164, 0, 13.46%, 0, 0, 9, 4438.57, 2447632, 762
532, 1, 277, 1425, 1161, 0, 13.46%, 0, 0, 9, 4483.82, 2470885, 762
538, 1, 268, 1426, 1160, 0, 13.46%, 0, 0, 9, 4476.36, 2494145, 762
543, 1, 50, 1426, 1159, 0, 13.46%, 0, 0, 9, 4533.09, 2517745, 762
548, 1, 189, 1428, 1160, 0, 13.46%, 0, 0, 9, 4522.29, 2541153, 762
553, 1, 17, 1430, 1158, 1, 13.48%, 0, 0, 9, 4508.84, 2563638, 763
558, 1, 37, 1431, 1157, 0, 13.48%, 0, 0, 9, 4475.13, 2586751, 763
563, 1, 1107, 1432, 1156, 0, 13.48%, 0, 0, 9, 4493.92, 2610080, 763
569, 1, 932, 1433, 1156, 0, 13.48%, 0, 0, 9, 4504.37, 2633482, 763
574, 1, 968, 1434, 1156, 0, 13.48%, 0, 0, 9, 4514.90, 2656661, 763
579, 1, 1076, 1434, 1155, 0, 13.48%, 0, 0, 9, 4452.96, 2679685, 763
584, 1, 1389, 1434, 1154, 0, 13.48%, 0, 0, 9, 4495.60, 2702983, 763
589, 1, 691, 1434, 1153, 0, 13.48%, 0, 0, 9, 4451.51, 2725983, 763
594, 1, 970, 1438, 1157, 0, 13.48%, 0, 0, 9, 4463.40, 2749147, 763
599, 1, 259, 1441, 1155, 0, 13.48%, 0, 0, 9, 4437.73, 2771415, 763
600, 1, 574, 1441, 1155, 0, 13.48%, 0, 0, 9, 4440.85, 2771958, 763
