# relative_time, cycles_done, cur_item, corpus_count, pending_total, pending_favs, map_size, saved_crashes, saved_hangs, max_depth, execs_per_sec, total_execs, edges_found
61, 0, 173, 848, 827, 101, 12.93%, 0, 0, 7, 4213.58, 267080, 732
66, 0, 706, 876, 852, 99, 12.97%, 0, 0, 7, 4251.82, 288714, 734
71, 0, 520, 886, 861, 96, 13.02%, 0, 0, 7, 4492.87, 311702, 737
76, 0, 520, 901, 876, 96, 13.05%, 0, 0, 7, 4371.01, 333348, 739
81, 0, 236, 925, 890, 86, 13.05%, 0, 0, 8, 4293.64, 355077, 739
86, 0, 832, 949, 910, 82, 13.11%, 0, 0, 8, 4426.12, 377312, 742
91, 0, 913, 975, 928, 75, 13.12%, 0, 0, 8, 4362.26, 398795, 743
96, 0, 913, 979, 932, 75, 13.16%, 0, 0, 8, 4454.91, 421921, 745
101, 0, 339, 1010, 953, 67, 13.18%, 0, 0, 8, 4314.87, 444276, 746
106, 0, 961, 1045, 980, 60, 13.18%, 0, 0, 8, 4237.07, 466231, 746
111, 0, 961, 1048, 983, 60, 13.21%, 0, 0, 8, 4348.12, 488629, 748
117, 0, 650, 1066, 988, 47, 13.27%, 0, 0, 8, 4446.68, 511608, 751
122, 0, 1062, 1075, 993, 44, 13.30%, 0, 0, 9, 4450.78, 534404, 753
127, 0, 1064, 1081, 993, 46, 13.30%, 0, 0, 9, 4286.73, 557065, 753
132, 0, 976, 1091, 999, 44, 13.34%, 0, 0, 10, 4285.76, 579541, 755
137, 0, 1060, 1099, 1004, 41, 13.35%, 0, 0, 10, 4027.11, 599606, 756
142, 0, 880, 1102, 1003, 41, 13.35%, 0, 0, 10, 4071.84, 620103, 756
147, 0, 822, 1113, 1005, 33, 13.37%, 0, 0, 11, 4351.98, 642996, 757
153, 0, 1109, 1125, 999, 15, 13.41%, 0, 0, 12, 4461.93, 666016, 759
158, 0, 1109, 1126, 1000, 15, 13.41%, 0, 0, 12, 4445.76, 688630, 759
163, 0, 1123, 1134, 999, 10, 13.44%, 0, 0, 13, 4456.28, 711767, 761
168, 0, 1063, 1141, 999, 6, 13.46%, 0, 0, 14, 4448.51, 734887, 762
173, 0, 836, 1148, 1002, 2, 13.46%, 0, 0, 14, 4355.13, 757585, 762
178, 0, 794, 1151, 1002, 2, 13.46%, 0, 0, 14, 4387.09, 779470, 762
183, 0, 1087, 1158, 1007, 2, 13.46%, 0, 0, 14, 4386.49, 802092, 762
189, 0, 1087, 1161, 1008, 2, 13.46%, 0, 0, 14, 4320.64, 823844, 762
194, 0, 1161, 1165, 1010, 3, 13.51%, 0, 0, 14, 4268.76, 844980, 765
199, 0, 201, 1172, 1011, 2, 13.51%, 0, 0, 14, 4374.62, 867022, 765
204, 0, 1004, 1179, 1018, 2, 13.58%, 0, 0, 14, 4502.00, 890002, 769
209, 0, 1004, 1182, 1021, 2, 13.58%, 0, 0, 14, 4442.41, 912964, 769
214, 0, 174, 1187, 1020, 2, 13.58%, 0, 0, 14, 4438.57, 935009, 769
219, 0, 352, 1190, 1020, 2, 13.58%, 0, 0, 14, 4482.36, 957498, 769
224, 0, 330, 1191, 1020, 2, 13.58%, 0, 0, 14, 4406.95, 979638, 769
229, 0, 525, 1196, 1024, 2, 13.58%, 0, 0, 14, 4466.28, 1003009, 769
234, 0, 221, 1199, 1025, 2, 13.58%, 0, 0, 14, 4470.60, 1025533, 769
239, 0, 204, 1201, 1026, 2, 13.58%, 0, 0, 14, 4587.63, 1049293, 769
244, 0, 669, 1203, 1027, 2, 13.58%, 0, 0, 14, 4509.77, 1071801, 769
249, 0, 972, 1210, 1033, 2, 13.58%, 0, 0, 14, 4462.50, 1094927, 769
254, 0, 1121, 1213, 1033, 2, 13.58%, 0, 0, 14, 4497.24, 1117471, 769
259, 0, 260, 1215, 1034, 2, 13.58%, 0, 0, 14, 4503.57, 1139993, 769
265, 0, 832, 1216, 1029, 2, 13.58%, 0, 0, 14, 4462.20, 1162699, 769
270, 0, 1176, 1220, 1033, 3, 13.58%, 0, 0, 15, 4477.96, 1185440, 769
275, 0, 1216, 1224, 1037, 3, 13.58%, 0, 0, 16, 4654.74, 1208810, 769
280, 0, 192, 1225, 1034, 2, 13.58%, 0, 0, 17, 4553.33, 1232274, 769
285, 0, 807, 1227, 1036, 2, 13.58%, 0, 0, 17, 4481.88, 1254871, 769
290, 0, 1163, 1230, 1038, 2, 13.58%, 0, 0, 17, 4519.82, 1277715, 769
295, 0, 1220, 1235, 1041, 2, 13.58%, 0, 0, 17, 4518.82, 1300610, 769
300, 0, 794, 1238, 1039, 2, 13.58%, 0, 0, 17, 4441.11, 1323582, 769
305, 0, 412, 1241, 1041, 2, 13.58%, 0, 0, 17, 4524.34, 1347147, 769
310, 0, 184, 1242, 1041, 2, 13.58%, 0, 0, 17, 4504.13, 1369705, 769
316, 0, 561, 1242, 1040, 2, 13.58%, 0, 0, 17, 4387.95, 1392447, 769
321, 0, 1064, 1243, 1040, 2, 13.58%, 0, 0, 17, 4444.94, 1415734, 769
326, 0, 1098, 1245, 1040, 2, 13.58%, 0, 0, 17, 4417.19, 1438250, 769
331, 0, 720, 1246, 1037, 2, 13.58%, 0, 0, 17, 4336.70, 1459795, 769
336, 0, 184, 1247, 1033, 2, 13.58%, 0, 0, 17, 4437.54, 1483017, 769
341, 0, 1161, 1247, 1028, 2, 13.58%, 0, 0, 17, 4371.68, 1505236, 769
346, 0, 384, 1248, 1027, 2, 13.58%, 0, 0, 17, 4349.18, 1527615, 769
352, 0, 575, 1253, 1030, 2, 13.58%, 0, 0, 17, 4447.48, 1550688, 769
357, 0, 175, 1256, 1029, 2, 13.58%, 0, 0, 17, 4468.67, 1574102, 769
362, 0, 605, 1258, 1030, 2, 13.58%, 0, 0, 17, 4428.51, 1596926, 769
367, 0, 332, 1261, 1030, 2, 13.58%, 0, 0, 17, 4409.90, 1619827, 769
372, 0, 720, 1261, 1029, 2, 13.58%, 0, 0, 17, 4473.35, 1642969, 769
377, 0, 794, 1263, 1031, 2, 13.58%, 0, 0, 17, 4509.94, 1666069, 769
382, 0, 159, 1266, 1032, 1, 13.58%, 0, 0, 17, 4493.36, 1688636, 769
388, 0, 1163, 1266, 1029, 1, 13.58%, 0, 0, 17, 4451.08, 1711621, 769
393, 0, 1087, 1269, 1030, 1, 13.60%, 0, 0, 17, 4451.11, 1734629, 770
398, 0, 201, 1269, 1029, 1, 13.60%, 0, 0, 17, 4430.71, 1757758, 770
403, 0, 152, 1272, 1029, 1, 13.60%, 0, 0, 17, 4436.88, 1780739, 770
408, 0, 1134, 1273, 1026, 0, 13.60%, 0, 0, 17, 4403.44, 1803048, 770
414, 0, 795, 1274, 1027, 0, 13.60%, 0, 0, 17, 4450.18, 1826244, 770
419, 0, 332, 1277, 1030, 0, 13.60%, 0, 0, 17, 4478.68, 1849513, 770
424, 0, 1126, 1280, 1033, 0, 13.60%, 0, 0, 17, 4379.17, 1871514, 770
429, 0, 188, 1285, 1036, 0, 13.60%, 0, 0, 17, 4189.56, 1893249, 770
434, 0, 175, 1286, 1037, 0, 13.60%, 0, 0, 17, 4362.68, 1915202, 770
439, 0, 787, 1287, 1038, 0, 13.60%, 0, 0, 17, 4361.47, 1937735, 770
444, 0, 300, 1290, 1041, 0, 13.60%, 0, 0, 17, 4246.74, 1959427, 770
449, 0, 794, 1290, 1041, 0, 13.60%, 0, 0, 17, 4439.63, 1982089, 770
454, 0, 1123, 1291, 1041, 0, 13.60%, 0, 0, 17, 4354.55, 2004147, 770
459, 0, 1266, 1294, 1044, 0, 13.62%, 0, 0, 17, 4477.54, 2026720, 771
464, 0, 1121, 1296, 1045, 1, 13.62%, 0, 0, 17, 4301.10, 2048028, 771
469, 0, 946, 1299, 1045, 1, 13.67%, 0, 0, 17, 4442.21, 2070350, 774
474, 0, 795, 1302, 1046, 1, 13.67%, 0, 0, 17, 4351.19, 2091943, 774
480, 0, 325, 1304, 1047, 0, 13.67%, 0, 0, 17, 4467.83, 2114684, 774
485, 0, 1296, 1308, 1051, 0, 13.67%, 0, 0, 17, 4448.98, 2136918, 774
490, 0, 371, 1311, 1054, 0, 13.67%, 0, 0, 17, 4456.37, 2159308, 774
495, 0, 175, 1313, 1056, 0, 13.67%, 0, 0, 17, 4412.62, 2182032, 774
500, 0, 1296, 1314, 1057, 0, 13.67%, 0, 0, 17, 4428.61, 2205125, 774
505, 0, 1087, 1314, 1057, 0, 13.67%, 0, 0, 17, 4379.39, 2227642, 774
510, 0, 1087, 1314, 1057, 0, 13.67%, 0, 0, 17, 4417.54, 2250777, 774
515, 0, 587, 1314, 1057, 0, 13.67%, 0, 0, 17, 4424.24, 2273714, 774
521, 0, 570, 1315, 1058, 0, 13.67%, 0, 0, 17, 4325.10, 2295557, 774
526, 0, 794, 1318, 1061, 0, 13.67%, 0, 0, 17, 4395.76, 2318123, 774
531, 0, 1131, 1318, 1061, 0, 13.67%, 0, 0, 17, 4424.53, 2341169, 774
536, 0, 1161, 1318, 1061, 0, 13.67%, 0, 0, 17, 4267.72, 2363314, 774
540, 0, 1134, 1318, 1061, 0, 13.67%, 0, 0, 17, 4765.98, 2380067, 774
